       2.2909209      0.96395376
       2.2909417      0.93276749
       2.2909626      0.86047016
       2.2909835      0.74726304
       2.2910044      0.88993245
       2.2910252      0.89670337
       2.2910461      0.83871154
       2.2910670      0.67034961
       2.2910878      0.79443034
       2.2911087      0.50271227
       2.2911296      0.80375841
       2.2911505      0.89744387
       2.2911713      0.93333872
       2.2911922      0.93933123
       2.2912131      0.95309967
       2.2912339      0.96806846
       2.2912548      0.97309105
       2.2912757      0.96872838
       2.2912965      0.97437406
       2.2913174      0.97945111
       2.2913383      0.98072986
       2.2913591      0.97228705
       2.2913800      0.95873510
       2.2914008      0.97713500
       2.2914217      0.97778923
       2.2914426      0.98027680
       2.2914634      0.97510873
       2.2914843      0.96571804
       2.2915052      0.89633896
       2.2915260      0.94264366
       2.2915469      0.92932299
       2.2915677      0.86990359
       2.2915886      0.82040124
       2.2916094      0.79515252
       2.2916303      0.76967783
       2.2916512      0.61959538
       2.2916720      0.86817548
       2.2916929      0.94157463
       2.2917137      0.96562601
       2.2917346      0.97278522
       2.2917554      0.97162605
       2.2917763      0.96483482
       2.2917971      0.97071685
       2.2918180      0.97073727
       2.2918388      0.97146776
       2.2918597      0.97286524
       2.2918806      0.97803168
       2.2919014      0.96722195
       2.2919223      0.96822412
       2.2919431      0.95037179
       2.2919640      0.93062867
       2.2919848      0.96489627
       2.2920056      0.97000608
       2.2920265      0.97674017
       2.2920473      0.98005864
       2.2920682      0.98289569
       2.2920890      0.98111553
       2.2921099      0.97856153
       2.2921307      0.97079156
       2.2921516      0.96555010
       2.2921724      0.95177885
       2.2921933      0.93309350
       2.2922141      0.87555274
       2.2922349      0.72596568
       2.2922558      0.59293230
       2.2922766      0.81937485
       2.2922975      0.87511303
       2.2923183      0.84972596
       2.2923391      0.74761657
       2.2923600      0.57070881
       2.2923808      0.72865060
       2.2924017      0.67800637
       2.2924225      0.75332425
       2.2924433      0.75469527
       2.2924642      0.67253397
       2.2924850      0.36944933
       2.2925058      0.48394059
       2.2925267      0.73087713
       2.2925475      0.83029646
       2.2925683      0.80693357
       2.2925892      0.69274760
       2.2926100      0.84087599
       2.2926308      0.87142359
       2.2926517      0.91105379
       2.2926725      0.93805131
       2.2926933      0.94384546
       2.2927142      0.92330651
       2.2927350      0.82421201
       2.2927558      0.83824217
       2.2927767      0.91622265
       2.2927975      0.92045365
       2.2928183      0.95328490
       2.2928391      0.97076005
       2.2928600      0.96829931
       2.2928808      0.97441489
       2.2929016      0.97893533
       2.2929224      0.97999772
       2.2929433      0.98007669
       2.2929641      0.96979256
       2.2929849      0.94441696
       2.2930057      0.86610550
       2.2930266      0.89123394
       2.2930474      0.94991485
       2.2930682      0.96923676
       2.2930890      0.96937416
       2.2931098      0.95515936
       2.2931307      0.96013976
       2.2931515      0.97203832
       2.2931723      0.96558745
       2.2931931      0.92647635
       2.2932139      0.97044370
       2.2932347      0.97446769
       2.2932556      0.96544941
       2.2932764      0.94205442
       2.2932972      0.93886592
       2.2933180      0.97149408
       2.2933388      0.97752421
       2.2933596      0.97635768
       2.2933805      0.96389204
       2.2934013      0.95069137
       2.2934221      0.95750884
       2.2934429      0.94793845
       2.2934637      0.89413495
       2.2934845      0.77410993
       2.2935053      0.87754268
       2.2935261      0.93113522
       2.2935469      0.94614557
       2.2935677      0.95080363
       2.2935886      0.95617402
       2.2936094      0.94235443
       2.2936302      0.87721648
       2.2936510      0.88739353
       2.2936718      0.93444618
       2.2936926      0.93314348
       2.2937134      0.92612489
       2.2937342      0.89326415
       2.2937550      0.80307988
       2.2937758      0.77990306
       2.2937966      0.63410632
       2.2938174      0.68161238
       2.2938382      0.43883656
       2.2938590      0.76714448
       2.2938798      0.84687065
       2.2939006      0.82963660
       2.2939214      0.66689087
       2.2939422      0.34277093
       2.2939630      0.73332866
       2.2939838      0.84323592
       2.2940046      0.86564601
       2.2940254      0.85669642
       2.2940462      0.84180951
       2.2940670      0.88193208
       2.2940878      0.89121664
       2.2941086      0.85869214
       2.2941294      0.92001845
       2.2941502      0.94988080
       2.2941709      0.94641839
       2.2941917      0.96445679
       2.2942125      0.97218127
       2.2942333      0.97771433
       2.2942541      0.97159842
       2.2942749      0.97428683
       2.2942957      0.96498765
       2.2943165      0.93603866
       2.2943373      0.95416308
       2.2943581      0.92867184
       2.2943788      0.94109999
       2.2943996      0.93750633
       2.2944204      0.91857212
       2.2944412      0.86235248
       2.2944620      0.80406546
       2.2944828      0.81437078
       2.2945035      0.89148132
       2.2945243      0.92629445
       2.2945451      0.90645532
       2.2945659      0.91378233
       2.2945867      0.84625996
       2.2946075      0.93930188
       2.2946282      0.96270157
       2.2946490      0.96949505
       2.2946698      0.96535329
       2.2946906      0.95738240
       2.2947114      0.91978965
       2.2947321      0.87356942
       2.2947529      0.89679592
       2.2947737      0.91743934
       2.2947945      0.91774379
       2.2948152      0.89884384
       2.2948360      0.84182695
       2.2948568      0.74685967
       2.2948776      0.50151732
       2.2948983      0.36817930
       2.2949191      0.68066343
       2.2949399      0.78887366
       2.2949606      0.84384049
       2.2949814      0.86315047
       2.2950022      0.80050649
       2.2950230      0.54369051
       2.2950437      0.76535577
       2.2950645      0.87937048
       2.2950853      0.91678007
       2.2951060      0.92350883
       2.2951268      0.90936068
       2.2951476      0.82995842
       2.2951683      0.71922033
       2.2951891      0.80548726
       2.2952099      0.72257477
       2.2952306      0.79385699
       2.2952514      0.89493717
       2.2952722      0.93690250
       2.2952929      0.94652054
       2.2953137      0.91724687
       2.2953344      0.93116343
       2.2953552      0.88373239
       2.2953760      0.94015249
       2.2953967      0.95692749
       2.2954175      0.96592491
       2.2954382      0.96224770
       2.2954590      0.96970923
       2.2954797      0.97302803
       2.2955005      0.97318574
       2.2955213      0.96570860
       2.2955420      0.95661014
       2.2955628      0.94389916
       2.2955835      0.91314108
       2.2956043      0.83309421
       2.2956250      0.59806858
       2.2956458      0.68799838
       2.2956665      0.50525785
       2.2956873      0.67879709
       2.2957080      0.81611084
       2.2957288      0.82011654
       2.2957495      0.71873498
       2.2957703      0.51662498
       2.2957910      0.48209455
       2.2958118      0.67395853
       2.2958325      0.82875271
       2.2958533      0.86944958
       2.2958740      0.90018891
       2.2958948      0.93005509
       2.2959155      0.92703537
       2.2959363      0.91027570
       2.2959570      0.93864633
       2.2959778      0.93538559
       2.2959985      0.91179762
       2.2960192      0.88016271
       2.2960400      0.80827140
       2.2960607      0.67938227
       2.2960815      0.37924234
       2.2961022      0.68637512
       2.2961229      0.82317656
       2.2961437      0.84048879
       2.2961644      0.80288422
       2.2961852      0.70759350
       2.2962059      0.52179529
       2.2962266      0.63975096
       2.2962474      0.82301658
       2.2962681      0.84921123
       2.2962888      0.82777154
       2.2963096      0.73627061
       2.2963303      0.89912308
       2.2963510      0.94343612
       2.2963718      0.95609431
       2.2963925      0.97094513
       2.2964132      0.97355575
       2.2964340      0.97107422
       2.2964547      0.96133503
       2.2964754      0.94552495
       2.2964962      0.96196718
       2.2965169      0.95589444
       2.2965376      0.93630542
       2.2965583      0.89591798
       2.2965791      0.90805661
       2.2965998      0.89489447
       2.2966205      0.70263031
       2.2966412      0.85059215
       2.2966620      0.91193765
       2.2966827      0.90249652
       2.2967034      0.78233778
       2.2967241      0.74824517
       2.2967449      0.75155282
       2.2967656      0.89934814
       2.2967863      0.94267852
       2.2968070      0.94797469
       2.2968277      0.94803499
       2.2968485      0.90235214
       2.2968692      0.86050666
       2.2968899      0.91066844
       2.2969106      0.93874484
       2.2969313      0.93238769
       2.2969521      0.86753350
       2.2969728      0.94368627
       2.2969935      0.95896403
       2.2970142      0.97582659
       2.2970349      0.98080770
       2.2970556      0.98375034
       2.2970763      0.98493295
       2.2970970      0.97613842
       2.2971178      0.97593712
       2.2971385      0.93692652
       2.2971592      0.95756914
       2.2971799      0.93310456
       2.2972006      0.97483472
       2.2972213      0.98472729
       2.2972420      0.97908105
       2.2972627      0.98503284
       2.2972834      0.98751726
       2.2973041      0.98789727
       2.2973248      0.98387839
       2.2973455      0.98205032
       2.2973663      0.96872993
       2.2973870      0.91897747
       2.2974077      0.90560134
       2.2974284      0.95854896
       2.2974491      0.97263979
       2.2974698      0.97834461
       2.2974905      0.97203329
       2.2975112      0.93872273
       2.2975319      0.96872533
       2.2975526      0.97879574
       2.2975733      0.97764322
       2.2975940      0.96244787
       2.2976147      0.97145539
       2.2976354      0.97535831
       2.2976561      0.96978639
       2.2976768      0.97905384
       2.2976974      0.97695891
       2.2977181      0.95654392
       2.2977388      0.92503783
       2.2977595      0.90130586
       2.2977802      0.88729417
       2.2978009      0.94871428
       2.2978216      0.96679636
       2.2978423      0.96949584
       2.2978630      0.97204711
       2.2978837      0.97739723
       2.2979044      0.97799609
       2.2979251      0.97382786
       2.2979457      0.96433895
       2.2979664      0.94160588
       2.2979871      0.87498309
       2.2980078      0.69601713
       2.2980285      0.72456714
       2.2980492      0.79453339
       2.2980699      0.90503703
       2.2980905      0.94047769
       2.2981112      0.95109482
       2.2981319      0.95312499
       2.2981526      0.94704799
       2.2981733      0.92711210
       2.2981939      0.88158621
       2.2982146      0.74528750
       2.2982353      0.84568185
       2.2982560      0.79759001
       2.2982767      0.61936781
       2.2982973      0.16590369
       2.2983180      0.53032351
       2.2983387      0.63208061
       2.2983594      0.66893738
       2.2983800      0.79203712
       2.2984007      0.83739772
       2.2984214      0.82048620
       2.2984421      0.69525519
       2.2984627      0.43432521
       2.2984834      0.47320375
       2.2985041      0.72460405
       2.2985248      0.77752384
       2.2985454      0.70303958
       2.2985661      0.38183647
       2.2985868      0.62735712
       2.2986074      0.75774840
       2.2986281      0.73040871
       2.2986488      0.76743938
       2.2986694      0.88417329
       2.2986901      0.92545115
       2.2987108      0.93815584
       2.2987314      0.93713576
       2.2987521      0.91539317
       2.2987728      0.89127888
       2.2987934      0.88219721
       2.2988141      0.79006892
       2.2988348      0.73514491
       2.2988554      0.78171183
       2.2988761      0.77422190
       2.2988967      0.79206268
       2.2989174      0.57498134
       2.2989381      0.43380006
       2.2989587      0.58521679
       2.2989794      0.74859645
       2.2990000      0.87524190
       2.2990207      0.92186153
       2.2990413      0.93458364
       2.2990620      0.93623701
       2.2990826      0.93369641
       2.2991033      0.93320965
       2.2991240      0.93333106
