       2.2909209      0.99495418
       2.2909417      0.99265566
       2.2909626      0.99388475
       2.2909835      0.99442873
       2.2910044      0.99369153
       2.2910252      0.98969966
       2.2910461      0.99188199
       2.2910670      0.98854694
       2.2910878      0.98832478
       2.2911087      0.98730855
       2.2911296      0.98488998
       2.2911505      0.98241442
       2.2911713      0.97854189
       2.2911922      0.97005612
       2.2912131      0.96057908
       2.2912339      0.94325590
       2.2912548      0.91291700
       2.2912757      0.84531941
       2.2912965      0.69239619
       2.2913174      0.33972212
       2.2913383      0.23819233
       2.2913591      0.61264965
       2.2913800      0.81517848
       2.2914008      0.89845822
       2.2914217      0.93423000
       2.2914426      0.95511667
       2.2914634      0.96824241
       2.2914843      0.97536599
       2.2915052      0.98031902
       2.2915260      0.98222281
       2.2915469      0.98567664
       2.2915677      0.98617811
       2.2915886       1.0010000
       2.2916094       1.0010000
       2.2916303       1.0010000
       2.2916512       1.0010000
       2.2916720       1.0010000
       2.2916929       1.0010000
       2.2917137       1.0008203
       2.2917346      0.99477292
       2.2917554      0.98654399
       2.2917763      0.98282324
       2.2917971      0.98004411
       2.2918180      0.98066101
       2.2918388      0.97331052
       2.2918597      0.96455617
       2.2918806      0.94804804
       2.2919014      0.92638168
       2.2919223      0.88935174
       2.2919431      0.80994942
       2.2919640      0.63181386
       2.2919848      0.35994292
       2.2920056      0.47701565
       2.2920265      0.73091899
       2.2920473      0.85679375
       2.2920682      0.91150956
       2.2920890      0.94062161
       2.2921099      0.95884167
       2.2921307      0.97003500
       2.2921516      0.97161056
       2.2921724      0.97120009
       2.2921933      0.96900354
       2.2922141      0.96285205
       2.2922349      0.95058720
       2.2922558      0.95948294
       2.2922766      0.98063915
       2.2922975      0.99222702
       2.2923183      0.99941811
       2.2923391       1.0010000
       2.2923600       1.0010000
       2.2923808       1.0010000
       2.2924017      0.99279837
       2.2924225      0.98080982
       2.2924433      0.97323804
       2.2924642      0.96467697
       2.2924850      0.95421723
       2.2925058      0.96181305
       2.2925267      0.97881260
       2.2925475      0.99153921
       2.2925683       1.0007593
       2.2925892       1.0010000
       2.2926100       1.0010000
       2.2926308      0.99879409
       2.2926517      0.99349909
       2.2926725      0.98642771
       2.2926933      0.98466553
       2.2927142      0.97997746
       2.2927350      0.97594332
       2.2927558      0.97889305
       2.2927767      0.98213778
       2.2927975      0.98769079
       2.2928183      0.99286275
       2.2928391      0.99738035
       2.2928600       1.0009174
       2.2928808      0.99878376
       2.2929016      0.99693860
       2.2929224      0.99603041
       2.2929433      0.99289450
       2.2929641      0.98966695
       2.2929849      0.98275880
       2.2930057      0.98035222
       2.2930266      0.98098215
       2.2930474      0.98470666
       2.2930682      0.98949970
       2.2930890      0.99218912
       2.2931098      0.99645065
       2.2931307      0.99890368
       2.2931515       1.0010000
       2.2931723       1.0010000
       2.2931931       1.0010000
       2.2932139       1.0010000
       2.2932347       1.0010000
       2.2932556      0.99673461
       2.2932764      0.99470378
       2.2932972      0.99488953
       2.2933180      0.99693177
       2.2933388      0.99655919
       2.2933596      0.99546252
       2.2933805      0.99078278
       2.2934013      0.98660001
       2.2934221      0.98580492
       2.2934429      0.98706425
       2.2934637      0.98785410
       2.2934845      0.98256557
       2.2935053      0.98086781
       2.2935261      0.98192439
       2.2935469      0.97986935
       2.2935677      0.97786297
       2.2935886      0.97320980
       2.2936094      0.95851571
       2.2936302      0.96742786
       2.2936510      0.98274546
       2.2936718      0.99042579
       2.2936926      0.99605567
       2.2937134       1.0010000
       2.2937342       1.0010000
       2.2937550       1.0010000
       2.2937758       1.0010000
       2.2937966       1.0010000
       2.2938174       1.0010000
       2.2938382       1.0010000
       2.2938590       1.0010000
       2.2938798       1.0010000
       2.2939006       1.0010000
       2.2939214       1.0010000
       2.2939422       1.0010000
       2.2939630       1.0010000
       2.2939838       1.0010000
       2.2940046       1.0010000
       2.2940254       1.0010000
       2.2940462      0.99923302
       2.2940670      0.99093809
       2.2940878      0.98419925
       2.2941086      0.98280187
       2.2941294      0.98597374
       2.2941502      0.99120854
       2.2941709      0.99823610
       2.2941917       1.0001109
       2.2942125       1.0010000
       2.2942333       1.0010000
       2.2942541       1.0010000
       2.2942749       1.0010000
       2.2942957       1.0010000
       2.2943165      0.99625179
       2.2943373      0.98957588
       2.2943581      0.98265441
       2.2943788      0.97851083
       2.2943996      0.97385624
       2.2944204      0.97136925
       2.2944412      0.97411474
       2.2944620      0.97653302
       2.2944828      0.97073272
       2.2945035      0.97312206
       2.2945243      0.97092523
       2.2945451      0.96500206
       2.2945659      0.94763129
       2.2945867      0.89125531
       2.2946075      0.70619751
       2.2946282      0.59570151
       2.2946490      0.83388634
       2.2946698      0.92360089
       2.2946906      0.95460077
       2.2947114      0.96635369
       2.2947321      0.97476682
       2.2947529      0.97685025
       2.2947737      0.97256961
       2.2947945      0.96906254
       2.2948152      0.95498654
       2.2948360      0.93693591
       2.2948568      0.90611410
       2.2948776      0.85267180
       2.2948983      0.75523491
       2.2949191      0.52899522
       2.2949399      0.21601047
       2.2949606      0.46494722
       2.2949814      0.74628715
       2.2950022      0.86380413
       2.2950230      0.91794647
       2.2950437      0.94373213
       2.2950645      0.95812763
       2.2950853      0.96515308
       2.2951060      0.96711726
       2.2951268      0.95724721
       2.2951476      0.92829819
       2.2951683      0.91510763
       2.2951891      0.88654857
       2.2952099      0.89940190
       2.2952306      0.92997762
       2.2952514      0.95026752
       2.2952722      0.95731149
       2.2952929      0.96150315
       2.2953137      0.95974989
       2.2953344      0.95958713
       2.2953552      0.96041132
       2.2953760      0.95592524
       2.2953967      0.94560506
       2.2954175      0.93066690
       2.2954382      0.90786023
       2.2954590      0.87699985
       2.2954797      0.82847314
       2.2955005      0.73463571
       2.2955213      0.55601996
       2.2955420      0.24766515
       2.2955628     0.023800769
       2.2955835     0.056729357
       2.2956043      0.33077175
       2.2956250      0.60709304
       2.2956458      0.76098604
       2.2956665      0.84232135
       2.2956873      0.88176632
       2.2957080      0.90199732
       2.2957288      0.90096822
       2.2957495      0.87397406
       2.2957703      0.89802997
       2.2957910      0.92373778
       2.2958118      0.94270807
       2.2958325      0.95457080
       2.2958533      0.96611193
       2.2958740      0.97859110
       2.2958948      0.98157148
       2.2959155      0.96760429
       2.2959363      0.98132125
       2.2959570      0.99205098
       2.2959778      0.98788891
       2.2959985      0.98825915
       2.2960192      0.99603203
       2.2960400       1.0010000
       2.2960607       1.0010000
       2.2960815       1.0010000
       2.2961022       1.0010000
       2.2961229      0.99207744
       2.2961437      0.98303529
       2.2961644      0.97252862
       2.2961852      0.96488804
       2.2962059      0.96046949
       2.2962266      0.96571656
       2.2962474      0.97401815
       2.2962681      0.98272978
       2.2962888      0.99520924
       2.2963096       1.0010000
       2.2963303       1.0010000
       2.2963510       1.0010000
       2.2963718       1.0010000
       2.2963925       1.0010000
       2.2964132      0.99980064
       2.2964340      0.98945404
       2.2964547      0.98042220
       2.2964754      0.95136253
       2.2964962      0.88902117
       2.2965169      0.94941696
       2.2965376      0.97737349
       2.2965583      0.98256813
       2.2965791      0.98309158
       2.2965998      0.98583792
       2.2966205      0.98911855
       2.2966412      0.99474305
       2.2966620       1.0007565
       2.2966827       1.0010000
       2.2967034       1.0010000
       2.2967241       1.0010000
       2.2967449       1.0010000
       2.2967656       1.0010000
       2.2967863       1.0001312
       2.2968070      0.99053099
       2.2968277      0.98310041
       2.2968485      0.96879095
       2.2968692      0.93043242
       2.2968899      0.76574466
       2.2969106      0.81879521
       2.2969313      0.94180934
       2.2969521      0.97426489
       2.2969728      0.98667338
       2.2969935      0.99062672
       2.2970142      0.99305842
       2.2970349      0.99308212
       2.2970556      0.99321019
       2.2970763      0.99606467
       2.2970970       1.0002813
       2.2971178       1.0010000
       2.2971385       1.0010000
       2.2971592       1.0010000
       2.2971799      0.99163288
       2.2972006      0.98156716
       2.2972213      0.98393199
       2.2972420      0.98402600
       2.2972627      0.98556688
       2.2972834      0.99024340
       2.2973041      0.99247397
       2.2973248      0.99417217
       2.2973455      0.99879033
       2.2973663       1.0010000
       2.2973870       1.0010000
       2.2974077       1.0010000
       2.2974284      0.99988842
       2.2974491      0.99668201
       2.2974698      0.99634377
       2.2974905      0.99431831
       2.2975112      0.99651625
       2.2975319      0.99892413
       2.2975526       1.0010000
       2.2975733       1.0010000
       2.2975940       1.0010000
       2.2976147       1.0010000
       2.2976354       1.0010000
       2.2976561      0.99721902
       2.2976768      0.99301438
       2.2976974      0.99030926
       2.2977181      0.98766404
       2.2977388      0.99084322
       2.2977595      0.99188884
       2.2977802      0.99714102
       2.2978009      0.99814862
       2.2978216      0.99714284
       2.2978423      0.99524836
       2.2978630      0.99648518
       2.2978837      0.99686833
       2.2979044       1.0000355
       2.2979251       1.0010000
       2.2979457       1.0010000
       2.2979664       1.0010000
       2.2979871      0.99580794
       2.2980078      0.99257633
       2.2980285      0.98733619
       2.2980492      0.98434072
       2.2980699      0.98323102
       2.2980905      0.98015848
       2.2981112      0.97556384
       2.2981319      0.96217185
       2.2981526      0.93538214
       2.2981733      0.96688349
       2.2981939      0.97414898
       2.2982146      0.93945357
       2.2982353      0.84298967
       2.2982560      0.89446572
       2.2982767      0.97850867
       2.2982973       1.0010000
       2.2983180       1.0010000
       2.2983387       1.0010000
       2.2983594       1.0010000
       2.2983800       1.0010000
       2.2984007      0.98052858
       2.2984214      0.97581504
       2.2984421      0.96843530
       2.2984627      0.95805679
       2.2984834      0.96406906
       2.2985041      0.97612235
       2.2985248      0.98743053
       2.2985454      0.99598957
       2.2985661      0.99935869
       2.2985868      0.99475009
       2.2986074      0.98869998
       2.2986281      0.99122931
       2.2986488      0.99433661
       2.2986694      0.99780169
       2.2986901      0.99747730
       2.2987108      0.99868845
       2.2987314      0.99979720
       2.2987521       1.0010000
       2.2987728       1.0010000
       2.2987934       1.0010000
       2.2988141       1.0010000
       2.2988348       1.0010000
       2.2988554       1.0010000
       2.2988761       1.0010000
       2.2988967      0.99225839
       2.2989174      0.97811089
       2.2989381      0.96709728
       2.2989587      0.96570516
       2.2989794      0.96977911
       2.2990000      0.97058227
       2.2990207      0.97019461
       2.2990413      0.95357297
       2.2990620      0.90287450
       2.2990826      0.84115473
       2.2991033      0.82259358
       2.2991240      0.81970453
       2.2909209      0.99495418
       2.2909417      0.99265566
       2.2909626      0.99388475
       2.2909835      0.99442873
       2.2910044      0.99369153
       2.2910252      0.98969966
       2.2910461      0.99188199
       2.2910670      0.98854694
       2.2910878      0.98832478
       2.2911087      0.98730855
       2.2911296      0.98488998
       2.2911505      0.98241442
       2.2911713      0.97854189
       2.2911922      0.97005612
       2.2912131      0.96057908
       2.2912339      0.94325590
       2.2912548      0.91291700
       2.2912757      0.84531941
       2.2912965      0.69239619
       2.2913174      0.33972212
       2.2913383      0.23819233
       2.2913591      0.61264965
       2.2913800      0.81517848
       2.2914008      0.89845822
       2.2914217      0.93423000
       2.2914426      0.95511667
       2.2914634      0.96824241
       2.2914843      0.97536599
       2.2915052      0.98031902
       2.2915260      0.98222281
       2.2915469      0.98567664
       2.2915677      0.98617811
       2.2915886       1.0010000
       2.2916094       1.0010000
       2.2916303       1.0010000
       2.2916512       1.0010000
       2.2916720       1.0010000
       2.2916929       1.0010000
       2.2917137       1.0008203
       2.2917346      0.99477292
       2.2917554      0.98654399
       2.2917763      0.98282324
       2.2917971      0.98004411
       2.2918180      0.98066101
       2.2918388      0.97331052
       2.2918597      0.96455617
       2.2918806      0.94804804
       2.2919014      0.92638168
       2.2919223      0.88935174
       2.2919431      0.80994942
       2.2919640      0.63181386
       2.2919848      0.35994292
       2.2920056      0.47701565
       2.2920265      0.73091899
       2.2920473      0.85679375
       2.2920682      0.91150956
       2.2920890      0.94062161
       2.2921099      0.95884167
       2.2921307      0.97003500
       2.2921516      0.97161056
       2.2921724      0.97120009
       2.2921933      0.96900354
       2.2922141      0.96285205
       2.2922349      0.95058720
       2.2922558      0.95948294
       2.2922766      0.98063915
       2.2922975      0.99222702
       2.2923183      0.99941811
       2.2923391       1.0010000
       2.2923600       1.0010000
       2.2923808       1.0010000
       2.2924017      0.99279837
       2.2924225      0.98080982
       2.2924433      0.97323804
       2.2924642      0.96467697
       2.2924850      0.95421723
       2.2925058      0.96181305
       2.2925267      0.97881260
       2.2925475      0.99153921
       2.2925683       1.0007593
       2.2925892       1.0010000
       2.2926100       1.0010000
       2.2926308      0.99879409
       2.2926517      0.99349909
       2.2926725      0.98642771
       2.2926933      0.98466553
       2.2927142      0.97997746
       2.2927350      0.97594332
       2.2927558      0.97889305
       2.2927767      0.98213778
       2.2927975      0.98769079
       2.2928183      0.99286275
       2.2928391      0.99738035
       2.2928600       1.0009174
       2.2928808      0.99878376
       2.2929016      0.99693860
       2.2929224      0.99603041
       2.2929433      0.99289450
       2.2929641      0.98966695
       2.2929849      0.98275880
       2.2930057      0.98035222
       2.2930266      0.98098215
       2.2930474      0.98470666
       2.2930682      0.98949970
       2.2930890      0.99218912
       2.2931098      0.99645065
       2.2931307      0.99890368
       2.2931515       1.0010000
       2.2931723       1.0010000
       2.2931931       1.0010000
       2.2932139       1.0010000
       2.2932347       1.0010000
       2.2932556      0.99673461
       2.2932764      0.99470378
       2.2932972      0.99488953
       2.2933180      0.99693177
       2.2933388      0.99655919
       2.2933596      0.99546252
       2.2933805      0.99078278
       2.2934013      0.98660001
       2.2934221      0.98580492
       2.2934429      0.98706425
       2.2934637      0.98785410
       2.2934845      0.98256557
       2.2935053      0.98086781
       2.2935261      0.98192439
       2.2935469      0.97986935
       2.2935677      0.97786297
       2.2935886      0.97320980
       2.2936094      0.95851571
       2.2936302      0.96742786
       2.2936510      0.98274546
       2.2936718      0.99042579
       2.2936926      0.99605567
       2.2937134       1.0010000
       2.2937342       1.0010000
       2.2937550       1.0010000
       2.2937758       1.0010000
       2.2937966       1.0010000
       2.2938174       1.0010000
       2.2938382       1.0010000
       2.2938590       1.0010000
       2.2938798       1.0010000
       2.2939006       1.0010000
       2.2939214       1.0010000
       2.2939422       1.0010000
       2.2939630       1.0010000
       2.2939838       1.0010000
       2.2940046       1.0010000
       2.2940254       1.0010000
       2.2940462      0.99923302
       2.2940670      0.99093809
       2.2940878      0.98419925
       2.2941086      0.98280187
       2.2941294      0.98597374
       2.2941502      0.99120854
       2.2941709      0.99823610
       2.2941917       1.0001109
       2.2942125       1.0010000
       2.2942333       1.0010000
       2.2942541       1.0010000
       2.2942749       1.0010000
       2.2942957       1.0010000
       2.2943165      0.99625179
       2.2943373      0.98957588
       2.2943581      0.98265441
       2.2943788      0.97851083
       2.2943996      0.97385624
       2.2944204      0.97136925
       2.2944412      0.97411474
       2.2944620      0.97653302
       2.2944828      0.97073272
       2.2945035      0.97312206
       2.2945243      0.97092523
       2.2945451      0.96500206
       2.2945659      0.94763129
       2.2945867      0.89125531
       2.2946075      0.70619751
       2.2946282      0.59570151
       2.2946490      0.83388634
       2.2946698      0.92360089
       2.2946906      0.95460077
       2.2947114      0.96635369
       2.2947321      0.97476682
       2.2947529      0.97685025
       2.2947737      0.97256961
       2.2947945      0.96906254
       2.2948152      0.95498654
       2.2948360      0.93693591
       2.2948568      0.90611410
       2.2948776      0.85267180
       2.2948983      0.75523491
       2.2949191      0.52899522
       2.2949399      0.21601047
       2.2949606      0.46494722
       2.2949814      0.74628715
       2.2950022      0.86380413
       2.2950230      0.91794647
       2.2950437      0.94373213
       2.2950645      0.95812763
       2.2950853      0.96515308
       2.2951060      0.96711726
       2.2951268      0.95724721
       2.2951476      0.92829819
       2.2951683      0.91510763
       2.2951891      0.88654857
       2.2952099      0.89940190
       2.2952306      0.92997762
       2.2952514      0.95026752
       2.2952722      0.95731149
       2.2952929      0.96150315
       2.2953137      0.95974989
       2.2953344      0.95958713
       2.2953552      0.96041132
       2.2953760      0.95592524
       2.2953967      0.94560506
       2.2954175      0.93066690
       2.2954382      0.90786023
       2.2954590      0.87699985
       2.2954797      0.82847314
       2.2955005      0.73463571
       2.2955213      0.55601996
       2.2955420      0.24766515
       2.2955628     0.023800769
       2.2955835     0.056729357
       2.2956043      0.33077175
       2.2956250      0.60709304
       2.2956458      0.76098604
       2.2956665      0.84232135
       2.2956873      0.88176632
       2.2957080      0.90199732
       2.2957288      0.90096822
       2.2957495      0.87397406
       2.2957703      0.89802997
       2.2957910      0.92373778
       2.2958118      0.94270807
       2.2958325      0.95457080
       2.2958533      0.96611193
       2.2958740      0.97859110
       2.2958948      0.98157148
       2.2959155      0.96760429
       2.2959363      0.98132125
       2.2959570      0.99205098
       2.2959778      0.98788891
       2.2959985      0.98825915
       2.2960192      0.99603203
       2.2960400       1.0010000
       2.2960607       1.0010000
       2.2960815       1.0010000
       2.2961022       1.0010000
       2.2961229      0.99207744
       2.2961437      0.98303529
       2.2961644      0.97252862
       2.2961852      0.96488804
       2.2962059      0.96046949
       2.2962266      0.96571656
       2.2962474      0.97401815
       2.2962681      0.98272978
       2.2962888      0.99520924
       2.2963096       1.0010000
       2.2963303       1.0010000
       2.2963510       1.0010000
       2.2963718       1.0010000
       2.2963925       1.0010000
       2.2964132      0.99980064
       2.2964340      0.98945404
       2.2964547      0.98042220
       2.2964754      0.95136253
       2.2964962      0.88902117
       2.2965169      0.94941696
       2.2965376      0.97737349
       2.2965583      0.98256813
       2.2965791      0.98309158
       2.2965998      0.98583792
       2.2966205      0.98911855
       2.2966412      0.99474305
       2.2966620       1.0007565
       2.2966827       1.0010000
       2.2967034       1.0010000
       2.2967241       1.0010000
       2.2967449       1.0010000
       2.2967656       1.0010000
       2.2967863       1.0001312
       2.2968070      0.99053099
       2.2968277      0.98310041
       2.2968485      0.96879095
       2.2968692      0.93043242
       2.2968899      0.76574466
       2.2969106      0.81879521
       2.2969313      0.94180934
       2.2969521      0.97426489
       2.2969728      0.98667338
       2.2969935      0.99062672
       2.2970142      0.99305842
       2.2970349      0.99308212
       2.2970556      0.99321019
       2.2970763      0.99606467
       2.2970970       1.0002813
       2.2971178       1.0010000
       2.2971385       1.0010000
       2.2971592       1.0010000
       2.2971799      0.99163288
       2.2972006      0.98156716
       2.2972213      0.98393199
       2.2972420      0.98402600
       2.2972627      0.98556688
       2.2972834      0.99024340
       2.2973041      0.99247397
       2.2973248      0.99417217
       2.2973455      0.99879033
       2.2973663       1.0010000
       2.2973870       1.0010000
       2.2974077       1.0010000
       2.2974284      0.99988842
       2.2974491      0.99668201
       2.2974698      0.99634377
       2.2974905      0.99431831
       2.2975112      0.99651625
       2.2975319      0.99892413
       2.2975526       1.0010000
       2.2975733       1.0010000
       2.2975940       1.0010000
       2.2976147       1.0010000
       2.2976354       1.0010000
       2.2976561      0.99721902
       2.2976768      0.99301438
       2.2976974      0.99030926
       2.2977181      0.98766404
       2.2977388      0.99084322
       2.2977595      0.99188884
       2.2977802      0.99714102
       2.2978009      0.99814862
       2.2978216      0.99714284
       2.2978423      0.99524836
       2.2978630      0.99648518
       2.2978837      0.99686833
       2.2979044       1.0000355
       2.2979251       1.0010000
       2.2979457       1.0010000
       2.2979664       1.0010000
       2.2979871      0.99580794
       2.2980078      0.99257633
       2.2980285      0.98733619
       2.2980492      0.98434072
       2.2980699      0.98323102
       2.2980905      0.98015848
       2.2981112      0.97556384
       2.2981319      0.96217185
       2.2981526      0.93538214
       2.2981733      0.96688349
       2.2981939      0.97414898
       2.2982146      0.93945357
       2.2982353      0.84298967
       2.2982560      0.89446572
       2.2982767      0.97850867
       2.2982973       1.0010000
       2.2983180       1.0010000
       2.2983387       1.0010000
       2.2983594       1.0010000
       2.2983800       1.0010000
       2.2984007      0.98052858
       2.2984214      0.97581504
       2.2984421      0.96843530
       2.2984627      0.95805679
       2.2984834      0.96406906
       2.2985041      0.97612235
       2.2985248      0.98743053
       2.2985454      0.99598957
       2.2985661      0.99935869
       2.2985868      0.99475009
       2.2986074      0.98869998
       2.2986281      0.99122931
       2.2986488      0.99433661
       2.2986694      0.99780169
       2.2986901      0.99747730
       2.2987108      0.99868845
       2.2987314      0.99979720
       2.2987521       1.0010000
       2.2987728       1.0010000
       2.2987934       1.0010000
       2.2988141       1.0010000
       2.2988348       1.0010000
       2.2988554       1.0010000
       2.2988761       1.0010000
       2.2988967      0.99225839
       2.2989174      0.97811089
       2.2989381      0.96709728
       2.2989587      0.96570516
       2.2989794      0.96977911
       2.2990000      0.97058227
       2.2990207      0.97019461
       2.2990413      0.95357297
       2.2990620      0.90287450
       2.2990826      0.84115473
       2.2991033      0.82259358
       2.2991240      0.81970453
