  -9.7045955e-07      0.68688031       2153.9495     -0.19235358
   7.1863305e-06      0.57757963       7022.2757    -0.036690180
  -1.1239900e-06      0.60432082       6805.5190    -0.078648641
   3.2760100e-06      0.58138534       7222.7307     -0.19864864
   3.5499776e-06      0.63642295       4673.6735     -0.19642353
   2.8001628e-06      0.64408506       5117.3482     0.045656948
   3.0579938e-06      0.69165046       4113.7917     -0.11432432
   2.6231183e-06      0.67928209       2248.9046     -0.22864864
   3.5498687e-06      0.69021252       11108.262     -0.30334081
   3.0490792e-06      0.66099405       15006.735    -0.056478907
   2.8688218e-06      0.68056492       6257.9289     -0.10502201
   3.1589540e-06      0.68517196       3742.9989     0.085428823
   3.4228572e-06      0.69504037       4558.3983     0.065675683
   3.5501314e-06      0.68033337       3755.8796     -0.20156969
